1 1 1 1 1 1 1 1 1 2 2 2 2 2 2 2 2 2 2 2 2 2 2 2 2 2 2 2 2 2 2 2 2 2 2 2 2 2 2 2 2 1 1 1 1 1 1 1 1 1 
1 1 1 1 1 1 1 2 2 2 2 2 2 2 2 2 2 2 2 2 2 2 2 2 2 2 2 2 2 2 2 2 2 2 2 2 2 2 2 2 2 2 2 1 1 1 1 1 1 1 
1 1 1 1 1 2 2 2 2 2 2 3 3 3 3 3 3 3 3 3 3 3 3 3 3 3 3 2 2 2 2 2 2 2 2 2 2 2 2 2 2 2 2 2 2 1 1 1 1 1 
1 1 1 1 2 2 2 3 3 3 3 3 3 3 3 3 3 4 4 4 4 5 7 10 7 4 4 4 3 3 3 2 2 2 2 2 2 2 2 2 2 2 2 2 2 2 1 1 1 1 
1 1 1 2 2 3 3 3 3 3 3 3 3 3 3 4 4 4 4 5 5 8 11 -1 11 7 5 5 4 4 3 3 3 2 2 2 2 2 2 2 2 2 2 2 2 2 2 1 1 1 
1 1 2 3 3 3 3 3 3 3 3 3 4 4 4 4 5 7 8 7 8 10 -1 -1 -1 10 8 6 6 6 4 3 3 3 2 2 2 2 2 2 2 2 2 2 2 2 2 2 1 1 
1 2 3 3 3 3 3 3 3 3 4 5 5 5 5 6 7 9 -1 -1 -1 -1 -1 -1 -1 -1 -1 14 -1 12 5 4 3 3 3 3 2 2 2 2 2 2 2 2 2 2 2 2 2 1 
1 3 3 3 3 4 4 4 6 11 7 7 8 7 7 8 12 -1 -1 -1 -1 -1 -1 -1 -1 -1 -1 -1 -1 12 14 5 4 3 3 3 2 2 2 2 2 2 2 2 2 2 2 2 2 1 
1 3 4 4 4 5 5 5 7 9 8 6 -1 -1 5 12 -1 -1 -1 -1 -1 -1 -1 -1 -1 -1 -1 -1 -1 -1 1 5 4 3 3 3 3 2 2 2 2 2 2 2 2 2 2 2 2 1 
1 5 5 5 6 6 7 9 7 4 -1 -1 -1 -1 -1 -1 -1 -1 -1 -1 -1 -1 -1 -1 -1 -1 -1 -1 -1 12 6 5 4 3 3 3 3 2 2 2 2 2 2 2 2 2 2 2 2 1 
1 5 5 5 6 6 7 9 7 4 -1 -1 -1 -1 -1 -1 -1 -1 -1 -1 -1 -1 -1 -1 -1 -1 -1 -1 -1 12 6 5 4 3 3 3 3 2 2 2 2 2 2 2 2 2 2 2 2 1 
1 3 4 4 4 5 5 5 7 9 8 6 -1 -1 5 12 -1 -1 -1 -1 -1 -1 -1 -1 -1 -1 -1 -1 -1 -1 1 5 4 3 3 3 3 2 2 2 2 2 2 2 2 2 2 2 2 1 
1 3 3 3 3 4 4 4 6 11 7 7 8 7 7 8 12 -1 -1 -1 -1 -1 -1 -1 -1 -1 -1 -1 -1 12 14 5 4 3 3 3 2 2 2 2 2 2 2 2 2 2 2 2 2 1 
1 2 3 3 3 3 3 3 3 3 4 5 5 5 5 6 7 9 -1 -1 -1 -1 -1 -1 -1 -1 -1 14 -1 12 5 4 3 3 3 3 2 2 2 2 2 2 2 2 2 2 2 2 2 1 
1 1 2 3 3 3 3 3 3 3 3 3 4 4 4 4 5 7 8 7 8 10 -1 -1 -1 10 8 6 6 6 4 3 3 3 2 2 2 2 2 2 2 2 2 2 2 2 2 2 1 1 
1 1 1 2 2 3 3 3 3 3 3 3 3 3 3 4 4 4 4 5 5 8 11 -1 11 7 5 5 4 4 3 3 3 2 2 2 2 2 2 2 2 2 2 2 2 2 2 1 1 1 
1 1 1 1 2 2 2 3 3 3 3 3 3 3 3 3 3 4 4 4 4 5 7 10 7 4 4 4 3 3 3 2 2 2 2 2 2 2 2 2 2 2 2 2 2 2 1 1 1 1 
1 1 1 1 1 2 2 2 2 2 2 3 3 3 3 3 3 3 3 3 3 3 3 3 3 3 3 2 2 2 2 2 2 2 2 2 2 2 2 2 2 2 2 2 2 1 1 1 1 1 
1 1 1 1 1 1 1 2 2 2 2 2 2 2 2 2 2 2 2 2 2 2 2 2 2 2 2 2 2 2 2 2 2 2 2 2 2 2 2 2 2 2 2 1 1 1 1 1 1 1 
1 1 1 1 1 1 1 1 1 2 2 2 2 2 2 2 2 2 2 2 2 2 2 2 2 2 2 2 2 2 2 2 2 2 2 2 2 2 2 2 2 1 1 1 1 1 1 1 1 1 
